********************************************************************************
STREME - Sensitive, Thorough, Rapid, Enriched Motif Elicitation
********************************************************************************
MEME version 5.4.1 (Release date: Sat Aug 21 19:23:23 2021 -0700)

For further information on how to interpret these results please access https://meme-suite.org/meme.
To get a copy of the MEME Suite software please access https://meme-suite.org.

********************************************************************************


********************************************************************************
REFERENCE
********************************************************************************
If you use this program in your research, please cite:

Timothy L. Bailey,
"STREME: accurate and versatile sequence motif discovery",
Bioinformatics, Mar. 24, 2021.
********************************************************************************


ALPHABET= ACDEFGHIKLMNPQRSTVWY

strands: +

Background letter frequencies
A 0.073 C 0.021 D 0.0504 E 0.0704 F 0.0353 G 0.0708 H 0.0237 I 0.044 K 0.0514 L 0.0963 M 0.0198 N 0.0375 P 0.0665 Q 0.0443 R 0.0562 S 0.083 T 0.0551 V 0.0621 W 0.0122 Y 0.027 

MOTIF 1-AAAAAAAAAAAA STREME-1
letter-probability matrix: alength= 20 w= 12 nsites= 125 E= 1.2e-001
 0.451197 0.016131 0.016179 0.072548 0.008106 0.024261 0.000039 0.000072 0.008132 0.104788 0.000033 0.008110 0.008157 0.008121 0.048381 0.080617 0.112766 0.032297 0.000020 0.000044
 0.716789 0.000035 0.008131 0.008164 0.008106 0.000116 0.008087 0.000072 0.008132 0.008206 0.000033 0.008110 0.128879 0.008121 0.008140 0.080622 0.000091 0.000102 0.000020 0.000044
 0.716794 0.000035 0.008131 0.000116 0.000058 0.112790 0.008087 0.000072 0.000084 0.000158 0.000033 0.000062 0.104734 0.000073 0.008140 0.040377 0.000091 0.000102 0.000020 0.000044
 0.757030 0.032227 0.000083 0.000116 0.000058 0.000116 0.000039 0.000072 0.000084 0.008206 0.000033 0.008110 0.112783 0.000073 0.016189 0.016233 0.008139 0.040347 0.000020 0.000044
 0.877756 0.000035 0.008131 0.000116 0.008106 0.016213 0.000039 0.000072 0.000084 0.000158 0.000033 0.000062 0.000109 0.000073 0.000092 0.072569 0.016187 0.000102 0.000020 0.000044
 0.853611 0.000035 0.000083 0.000116 0.000058 0.016213 0.000039 0.000072 0.000084 0.000158 0.000033 0.000062 0.096686 0.000073 0.016189 0.008184 0.008139 0.000102 0.000020 0.000044
 0.885802 0.000035 0.000083 0.024260 0.000058 0.008164 0.000039 0.008120 0.000084 0.000158 0.000033 0.008110 0.016205 0.000073 0.000092 0.008184 0.000091 0.040345 0.000020 0.000044
 0.740938 0.000035 0.000083 0.000116 0.000058 0.016213 0.000039 0.000072 0.008132 0.008206 0.000033 0.000062 0.008157 0.000073 0.048381 0.080617 0.000091 0.080583 0.008068 0.000044
 0.781179 0.000035 0.008131 0.016212 0.000058 0.016213 0.016135 0.000072 0.008132 0.016254 0.016129 0.000062 0.008157 0.000073 0.008140 0.032329 0.048379 0.016198 0.008068 0.000044
 0.539731 0.000035 0.016179 0.008164 0.000058 0.153030 0.016135 0.000072 0.000084 0.048451 0.016129 0.000062 0.120831 0.024217 0.000092 0.032329 0.000091 0.016198 0.000020 0.008092
 0.330478 0.000035 0.000083 0.080597 0.048347 0.161078 0.032231 0.000072 0.008132 0.032351 0.000033 0.000062 0.040350 0.016169 0.024237 0.136961 0.040331 0.048391 0.000020 0.000044
 0.282174 0.000035 0.024227 0.056452 0.008106 0.120849 0.008087 0.000072 0.008132 0.016254 0.000033 0.016158 0.225456 0.016169 0.000092 0.161110 0.024235 0.032294 0.000020 0.000044

MOTIF 2-FLLL STREME-2
letter-probability matrix: alength= 20 w= 4 nsites= 782 E= 3.9e-001
 0.024132 0.018079 0.001998 0.004630 0.846729 0.003104 0.002577 0.009527 0.018679 0.008811 0.006732 0.000260 0.006678 0.014653 0.013132 0.002439 0.000190 0.005664 0.004827 0.007160
 0.003952 0.002201 0.032065 0.001550 0.001156 0.002459 0.050970 0.007488 0.005342 0.765816 0.014390 0.014096 0.007979 0.007400 0.003080 0.004041 0.002537 0.017512 0.005665 0.050299
 0.008140 0.000316 0.000596 0.025621 0.003621 0.000645 0.029172 0.023367 0.003455 0.713427 0.000319 0.002337 0.012102 0.073024 0.004570 0.049151 0.010855 0.031235 0.004310 0.003735
 0.003280 0.013948 0.012348 0.000828 0.010695 0.014618 0.003855 0.015562 0.001034 0.778455 0.000613 0.003340 0.040775 0.005094 0.002837 0.059247 0.001145 0.018274 0.011816 0.002235

MOTIF 3-RRLK STREME-3
letter-probability matrix: alength= 20 w= 4 nsites= 709 E= 7.1e-001
 0.000071 0.000021 0.000049 0.000069 0.000034 0.000069 0.000023 0.000043 0.000050 0.000094 0.000019 0.000037 0.000065 0.000043 0.999079 0.000081 0.000054 0.000061 0.000012 0.000026
 0.000071 0.000021 0.000049 0.000069 0.000034 0.000069 0.000023 0.000043 0.000050 0.000094 0.000019 0.000037 0.000065 0.000043 0.999079 0.000081 0.000054 0.000061 0.000012 0.000026
 0.082893 0.016804 0.027417 0.021941 0.073277 0.033377 0.078573 0.044093 0.019651 0.209951 0.136468 0.019739 0.001137 0.035709 0.076561 0.000081 0.079173 0.000061 0.000012 0.043081
 0.009647 0.007957 0.000049 0.000069 0.009604 0.000069 0.037483 0.014394 0.273762 0.000094 0.000019 0.004583 0.049266 0.106683 0.173660 0.252342 0.014413 0.000061 0.045818 0.000026

MOTIF 4-LSPA STREME-4
letter-probability matrix: alength= 20 w= 4 nsites= 652 E= 2.9e+000
 0.005183 0.000035 0.000084 0.000118 0.000059 0.008960 0.000040 0.013484 0.000086 0.830497 0.007926 0.015175 0.051633 0.000074 0.010754 0.040958 0.003748 0.000104 0.000020 0.011062
 0.000122 0.000035 0.011618 0.000118 0.025737 0.010753 0.000040 0.044827 0.000086 0.029638 0.000033 0.004878 0.000111 0.000074 0.011146 0.767439 0.086391 0.000104 0.006806 0.000045
 0.000122 0.000035 0.000084 0.000118 0.030203 0.015204 0.007816 0.025071 0.000086 0.076867 0.025953 0.024326 0.632357 0.020829 0.000094 0.037183 0.000092 0.020203 0.053878 0.029479
 0.894520 0.000035 0.000084 0.000118 0.000059 0.000118 0.000040 0.000074 0.000086 0.000161 0.015226 0.000063 0.042272 0.000074 0.000094 0.014575 0.000092 0.025931 0.006335 0.000045

********************************************************************************
Stopped because 3 consecutive motifs exceeded the p-value threshold (0.05).
********************************************************************************
COMMAND:	streme --verbosity 1 --oc . --protein --totallength 4000000 --time 14400 --minw 4 --maxw 15 --thresh 0.05 --align center --p Brain_CSF_negative_FASTA.fasta --n Brain_CSF_positive_FASTA.fasta
********************************************************************************
CPU:		noble-meme.grid.gs.washington.edu
********************************************************************************
FINALTIME:	615.59 seconds
********************************************************************************
