********************************************************************************
STREME - Sensitive, Thorough, Rapid, Enriched Motif Elicitation
********************************************************************************
MEME version 5.4.1 (Release date: Sat Aug 21 19:23:23 2021 -0700)

For further information on how to interpret these results please access https://meme-suite.org/meme.
To get a copy of the MEME Suite software please access https://meme-suite.org.

********************************************************************************


********************************************************************************
REFERENCE
********************************************************************************
If you use this program in your research, please cite:

Timothy L. Bailey,
"STREME: accurate and versatile sequence motif discovery",
Bioinformatics, Mar. 24, 2021.
********************************************************************************


ALPHABET= ACDEFGHIKLMNPQRSTVWY

strands: +

Background letter frequencies
A 0.0747 C 0.0224 D 0.0456 E 0.0682 F 0.0378 G 0.0662 H 0.0264 I 0.0432 K 0.0535 L 0.102 M 0.0224 N 0.0343 P 0.0656 Q 0.0448 R 0.0585 S 0.0854 T 0.0514 V 0.0579 W 0.0128 Y 0.0268 

MOTIF 1-NDNPPRF STREME-1
letter-probability matrix: alength= 20 w= 7 nsites= 71 E= 2.5e-002
 0.000168 0.000050 0.000103 0.000153 0.000085 0.017487 0.000059 0.000097 0.000120 0.000230 0.000050 0.963152 0.000148 0.000101 0.000132 0.000192 0.000116 0.000130 0.017367 0.000060
 0.000168 0.000050 0.859148 0.000153 0.000085 0.017487 0.000059 0.000097 0.000120 0.000230 0.000050 0.052092 0.000148 0.034777 0.000132 0.017530 0.000116 0.000130 0.000029 0.017399
 0.000168 0.000050 0.000103 0.017492 0.017423 0.000149 0.000059 0.000097 0.000120 0.000230 0.000050 0.963152 0.000148 0.000101 0.000132 0.000192 0.000116 0.000130 0.000029 0.000060
 0.131009 0.000050 0.000103 0.000153 0.052100 0.000149 0.000059 0.000097 0.000120 0.000230 0.000050 0.000077 0.520294 0.000101 0.000132 0.156236 0.069469 0.069483 0.000029 0.000060
 0.017506 0.000050 0.000103 0.017492 0.000085 0.000149 0.000059 0.000097 0.000120 0.000230 0.000050 0.000077 0.772502 0.000101 0.000132 0.156236 0.017454 0.000130 0.000029 0.017399
 0.034844 0.000050 0.000103 0.034830 0.000085 0.000149 0.000059 0.069450 0.052135 0.080470 0.000050 0.000077 0.017486 0.017439 0.364234 0.034868 0.000116 0.293465 0.000029 0.000060
 0.000168 0.000050 0.000103 0.000153 0.841792 0.000149 0.017398 0.000097 0.000120 0.034906 0.000050 0.000077 0.000148 0.034777 0.034808 0.017530 0.000116 0.017468 0.000029 0.000060

MOTIF 2-VTARDPDA STREME-2
letter-probability matrix: alength= 20 w= 8 nsites= 72 E= 2.5e-002
 0.000193 0.000058 0.020066 0.000176 0.020046 0.000171 0.000068 0.020060 0.000138 0.000264 0.000058 0.000089 0.000170 0.000116 0.000151 0.000221 0.000133 0.917769 0.000033 0.020018
 0.020142 0.000058 0.000118 0.000176 0.000098 0.020120 0.000068 0.000112 0.000138 0.080057 0.000058 0.020037 0.000170 0.020064 0.000151 0.219652 0.618529 0.000150 0.000033 0.000069
 0.798123 0.000058 0.020066 0.020125 0.000098 0.000171 0.000068 0.000112 0.000138 0.020212 0.000058 0.020037 0.020118 0.020064 0.000151 0.020169 0.020081 0.040046 0.000033 0.000069
 0.000193 0.000058 0.020066 0.000176 0.000098 0.000171 0.039965 0.020060 0.020087 0.020212 0.000058 0.039985 0.000170 0.059961 0.498857 0.020169 0.159719 0.059994 0.019981 0.020018
 0.000193 0.000058 0.977582 0.000176 0.000098 0.000171 0.000068 0.000112 0.000138 0.000264 0.000058 0.000089 0.000170 0.000116 0.000151 0.000221 0.000133 0.020098 0.000033 0.000069
 0.219624 0.020006 0.040014 0.020125 0.039994 0.099913 0.020017 0.020060 0.020087 0.020212 0.000058 0.020037 0.399135 0.020064 0.040048 0.000221 0.000133 0.000150 0.000033 0.000069
 0.000193 0.000058 0.817996 0.000176 0.000098 0.119861 0.000068 0.000112 0.000138 0.020212 0.000058 0.000089 0.000170 0.000116 0.000151 0.000221 0.000133 0.040046 0.000033 0.000069
 0.399158 0.020006 0.059963 0.079969 0.000098 0.000171 0.000068 0.020060 0.020087 0.060109 0.020006 0.000089 0.020118 0.000116 0.020100 0.159807 0.099874 0.020098 0.000033 0.000069

MOTIF 3-JTATDGGKPELSGT STREME-3
letter-probability matrix: alength= 20 w= 14 nsites= 59 E= 2.5e-002
 0.000200 0.000060 0.000122 0.000182 0.000101 0.000177 0.000071 0.288348 0.000143 0.565252 0.000060 0.000092 0.000175 0.020708 0.000156 0.000228 0.000137 0.123683 0.000034 0.000072
 0.000200 0.000060 0.000122 0.061946 0.000101 0.000177 0.000071 0.082468 0.041319 0.153491 0.061824 0.000092 0.000175 0.041296 0.061920 0.020816 0.370723 0.103095 0.000034 0.000072
 0.606355 0.185353 0.000122 0.000182 0.000101 0.000177 0.000071 0.103056 0.000143 0.000273 0.000060 0.000092 0.000175 0.000120 0.000156 0.000228 0.000137 0.103095 0.000034 0.000072
 0.050477 0.000060 0.000122 0.103123 0.000101 0.000177 0.000071 0.061880 0.082495 0.082625 0.041236 0.000092 0.000175 0.061884 0.061920 0.123757 0.267782 0.061919 0.000034 0.000072
 0.185492 0.000060 0.770982 0.000182 0.000101 0.000177 0.000071 0.000115 0.000143 0.000273 0.000060 0.000092 0.000175 0.020708 0.000156 0.020816 0.000137 0.000155 0.000034 0.000072
 0.029889 0.000060 0.000122 0.000182 0.000101 0.514879 0.020659 0.041292 0.082495 0.000273 0.000060 0.041268 0.020763 0.020708 0.061920 0.103168 0.041314 0.020743 0.000034 0.000072
 0.000200 0.000060 0.000122 0.000182 0.000101 0.976918 0.000071 0.000115 0.000143 0.000273 0.000060 0.000092 0.000175 0.000120 0.000156 0.020816 0.000137 0.000155 0.000034 0.000072
 0.020788 0.000060 0.144238 0.061946 0.000101 0.000177 0.000071 0.041292 0.359242 0.000273 0.000060 0.123620 0.020763 0.020708 0.144273 0.061992 0.000137 0.000155 0.000034 0.000072
 0.000200 0.000060 0.000122 0.000182 0.000101 0.000177 0.000071 0.000115 0.000143 0.000273 0.020648 0.000092 0.976916 0.000120 0.000156 0.000228 0.000137 0.000155 0.000034 0.000072
 0.061964 0.000060 0.000122 0.432532 0.000101 0.020765 0.000071 0.000115 0.000143 0.000273 0.000060 0.000092 0.235746 0.000120 0.000156 0.123757 0.020725 0.103095 0.000034 0.000072
 0.020788 0.000060 0.000122 0.000182 0.041277 0.000177 0.000071 0.000115 0.000143 0.585841 0.000060 0.000092 0.185468 0.000120 0.123685 0.000228 0.000137 0.041331 0.000034 0.000072
 0.000200 0.000060 0.000122 0.000182 0.000101 0.020765 0.000071 0.000115 0.000143 0.062037 0.000060 0.050369 0.041351 0.020708 0.000156 0.432578 0.370723 0.000155 0.000034 0.000072
 0.020788 0.000060 0.000122 0.041358 0.061865 0.411938 0.000071 0.020704 0.000143 0.000273 0.000060 0.061856 0.000175 0.029809 0.000156 0.185521 0.061902 0.103095 0.000034 0.000072
 0.000200 0.000060 0.000122 0.000182 0.000101 0.000177 0.061835 0.000115 0.000143 0.000273 0.000060 0.041268 0.000175 0.000120 0.000156 0.215211 0.617780 0.041331 0.000034 0.020660

MOTIF 4-ENNPPGCHI STREME-4
letter-probability matrix: alength= 20 w= 9 nsites= 88 E= 4.4e-002
 0.036501 0.000035 0.024327 0.683214 0.036443 0.024360 0.048552 0.000068 0.024339 0.012288 0.012163 0.012182 0.036486 0.000070 0.024347 0.000134 0.012209 0.000091 0.012148 0.000042
 0.000118 0.041780 0.000072 0.041852 0.024315 0.048615 0.012169 0.000068 0.000084 0.012288 0.000035 0.733076 0.000103 0.012198 0.000092 0.024390 0.000081 0.012219 0.036403 0.000042
 0.048628 0.012163 0.012199 0.000107 0.024315 0.048615 0.005403 0.024323 0.048595 0.060799 0.000035 0.605033 0.000103 0.000070 0.036475 0.024390 0.012209 0.036474 0.000020 0.000042
 0.012245 0.000035 0.000072 0.000107 0.000060 0.024360 0.012169 0.084962 0.072850 0.072927 0.024291 0.012182 0.495934 0.036454 0.060730 0.029751 0.024336 0.024346 0.000020 0.012170
 0.000118 0.024291 0.000072 0.036490 0.024315 0.012232 0.000042 0.048579 0.012212 0.024416 0.000035 0.000054 0.442061 0.012198 0.121369 0.005496 0.048592 0.072857 0.078148 0.036425
 0.012245 0.000035 0.024327 0.048618 0.072826 0.556573 0.036425 0.036451 0.012212 0.012288 0.000035 0.053926 0.012231 0.000070 0.000092 0.036517 0.012209 0.024346 0.000020 0.048553
 0.097139 0.641398 0.000072 0.024363 0.000060 0.024360 0.000042 0.029685 0.012212 0.000161 0.012163 0.000054 0.012231 0.060709 0.000092 0.012262 0.012209 0.048602 0.012148 0.000042
 0.036501 0.000035 0.048582 0.012235 0.000060 0.024360 0.412383 0.048579 0.012212 0.054033 0.000035 0.012182 0.024359 0.029687 0.012220 0.109283 0.041825 0.060729 0.000020 0.060681
 0.000118 0.114546 0.012199 0.000107 0.012187 0.012232 0.012169 0.587558 0.000084 0.114671 0.000035 0.024309 0.000103 0.000070 0.048603 0.048645 0.000081 0.012219 0.000020 0.000042

MOTIF 5-VLDVNDNAP STREME-5
letter-probability matrix: alength= 20 w= 9 nsites= 40 E= 4.8e-002
 0.000328 0.000098 0.000200 0.000299 0.000166 0.000290 0.000116 0.135454 0.000235 0.169528 0.000098 0.000150 0.000288 0.000197 0.000256 0.000375 0.000226 0.691523 0.000056 0.000118
 0.000328 0.000098 0.000200 0.135563 0.000166 0.000290 0.000116 0.000190 0.000235 0.609136 0.000098 0.067782 0.000288 0.000197 0.000256 0.000375 0.082807 0.101702 0.000056 0.000118
 0.000328 0.000098 0.995813 0.000299 0.000166 0.000290 0.000116 0.000190 0.000235 0.000448 0.000098 0.000150 0.000288 0.000197 0.000256 0.000375 0.000226 0.000254 0.000056 0.000118
 0.067960 0.000098 0.000200 0.000299 0.000166 0.000290 0.000116 0.101638 0.067867 0.000448 0.067730 0.033966 0.000288 0.236909 0.000256 0.000375 0.000226 0.420995 0.000056 0.000118
 0.034144 0.000098 0.000200 0.000299 0.000166 0.000290 0.000116 0.000190 0.000235 0.000448 0.000098 0.961948 0.000288 0.000197 0.000256 0.000375 0.000226 0.000254 0.000056 0.000118
 0.000328 0.000098 0.860549 0.101747 0.000166 0.000290 0.000116 0.000190 0.000235 0.000448 0.000098 0.000150 0.000288 0.000197 0.000256 0.000375 0.034042 0.000254 0.000056 0.000118
 0.000328 0.000098 0.000200 0.000299 0.135430 0.000290 0.169196 0.000190 0.000235 0.000448 0.000098 0.657604 0.000288 0.000197 0.000256 0.000375 0.000226 0.000254 0.000056 0.033934
 0.439936 0.000098 0.000200 0.034115 0.000166 0.101738 0.000116 0.000190 0.000235 0.000448 0.000098 0.033966 0.135552 0.000197 0.067888 0.000375 0.067858 0.116651 0.000056 0.000118
 0.000328 0.000098 0.034016 0.034115 0.033982 0.000290 0.000116 0.000190 0.000235 0.000448 0.000098 0.000150 0.894453 0.000197 0.000256 0.000375 0.000226 0.000254 0.000056 0.000118

MOTIF 6-AVDADSGYNAWLS STREME-6
letter-probability matrix: alength= 20 w= 13 nsites= 79 E= 1.5e-001
 0.597795 0.000041 0.000083 0.000125 0.154968 0.042366 0.000048 0.000079 0.000098 0.000187 0.000041 0.000063 0.014202 0.000082 0.056434 0.000156 0.014176 0.118985 0.000023 0.000049
 0.014218 0.000041 0.000083 0.014206 0.062621 0.000121 0.000048 0.000079 0.098670 0.000187 0.014123 0.042308 0.000120 0.000082 0.042352 0.000156 0.154993 0.541438 0.014105 0.000049
 0.014218 0.000041 0.758867 0.098697 0.000069 0.028284 0.000048 0.000079 0.000098 0.014268 0.042286 0.000063 0.000120 0.000082 0.000107 0.028320 0.000094 0.014187 0.000023 0.000049
 0.422589 0.000041 0.000083 0.028288 0.020376 0.014203 0.000048 0.028242 0.070506 0.056514 0.000041 0.006288 0.112774 0.014164 0.084597 0.056483 0.000094 0.070514 0.014105 0.000049
 0.000136 0.000041 0.654069 0.056452 0.056396 0.000121 0.000048 0.000079 0.000098 0.042432 0.042286 0.000063 0.028283 0.000082 0.000107 0.042401 0.000094 0.062658 0.000023 0.014131
 0.056463 0.000041 0.000083 0.084615 0.042314 0.000121 0.042293 0.014161 0.014179 0.042432 0.000041 0.000063 0.000120 0.000082 0.000107 0.549344 0.097035 0.056433 0.000023 0.000049
 0.014218 0.000041 0.000083 0.070533 0.014151 0.696352 0.000048 0.000079 0.000098 0.056514 0.000041 0.098635 0.000120 0.000082 0.048577 0.000156 0.000094 0.000106 0.000023 0.000049
 0.014218 0.000041 0.000083 0.084615 0.014151 0.000121 0.028212 0.014161 0.000098 0.000187 0.076675 0.014144 0.070529 0.133043 0.070516 0.070565 0.042339 0.042351 0.000023 0.323929
 0.000136 0.000041 0.000083 0.000125 0.000069 0.014203 0.000048 0.014161 0.000098 0.070595 0.000041 0.780784 0.000120 0.000082 0.056434 0.000156 0.000094 0.062658 0.000023 0.000049
 0.569632 0.000041 0.098656 0.000125 0.034458 0.155020 0.000048 0.000079 0.014179 0.000187 0.014123 0.000063 0.014202 0.000082 0.028270 0.000156 0.014176 0.042351 0.000023 0.014131
 0.000136 0.000041 0.090799 0.161249 0.000069 0.000121 0.000048 0.000079 0.000098 0.098759 0.000041 0.000063 0.084610 0.042327 0.028270 0.042401 0.084584 0.000106 0.366149 0.000049
 0.042382 0.000041 0.000083 0.000125 0.000069 0.000121 0.000048 0.104877 0.000098 0.478966 0.070450 0.000063 0.000120 0.042327 0.000107 0.028320 0.042339 0.189394 0.000023 0.000049
 0.000136 0.000041 0.000083 0.070533 0.042314 0.028284 0.042293 0.028242 0.056425 0.028350 0.000041 0.000063 0.000120 0.000082 0.034496 0.471079 0.098666 0.070514 0.000023 0.028213

MOTIF 7-ALDREQ STREME-7
letter-probability matrix: alength= 20 w= 6 nsites= 51 E= 1.9e-001
 0.520482 0.000063 0.000128 0.108582 0.021784 0.021864 0.000074 0.000122 0.000150 0.043643 0.043419 0.021774 0.065218 0.000126 0.065198 0.043596 0.000145 0.043519 0.000036 0.000075
 0.021888 0.021741 0.000128 0.000192 0.000106 0.021864 0.000074 0.000122 0.000150 0.867407 0.000063 0.000096 0.000184 0.000126 0.000164 0.000240 0.000145 0.065197 0.000036 0.000075
 0.021888 0.000063 0.910604 0.000192 0.000106 0.000186 0.000074 0.000122 0.000150 0.021965 0.000063 0.021774 0.000184 0.000126 0.000164 0.021918 0.000145 0.000163 0.000036 0.000075
 0.000210 0.000063 0.000128 0.000192 0.000106 0.000186 0.000074 0.000122 0.000150 0.000287 0.000063 0.000096 0.000184 0.000126 0.997352 0.000240 0.000145 0.000163 0.000036 0.000075
 0.021888 0.000063 0.000128 0.954024 0.000106 0.000186 0.000074 0.000122 0.021828 0.000287 0.000063 0.000096 0.000184 0.000126 0.000164 0.000240 0.000145 0.000163 0.000036 0.000075
 0.000210 0.000063 0.000128 0.021870 0.000106 0.000186 0.000074 0.000122 0.000150 0.021965 0.000063 0.043452 0.000184 0.433686 0.151910 0.325410 0.000145 0.000163 0.000036 0.000075

MOTIF 8-VGLYTGEISTT STREME-8
letter-probability matrix: alength= 20 w= 11 nsites= 48 E= 3.7e-001
 0.000233 0.000070 0.000142 0.048322 0.000118 0.000207 0.000082 0.227262 0.000167 0.024373 0.024125 0.000107 0.000205 0.024195 0.000182 0.000266 0.000161 0.649659 0.000040 0.000084
 0.000233 0.000070 0.264745 0.034902 0.000118 0.601576 0.000082 0.000135 0.000167 0.000319 0.000070 0.024162 0.000205 0.000140 0.000182 0.048376 0.024215 0.000181 0.000040 0.000084
 0.000233 0.000070 0.000142 0.034902 0.000118 0.000207 0.000082 0.000135 0.000167 0.553578 0.000070 0.000107 0.144533 0.024195 0.096402 0.072431 0.048270 0.000181 0.024095 0.000084
 0.048343 0.024125 0.010777 0.000213 0.024173 0.000207 0.216575 0.000135 0.096386 0.024373 0.000070 0.000107 0.000205 0.000140 0.144511 0.048376 0.000161 0.000181 0.000040 0.360905
 0.000233 0.000070 0.000142 0.024268 0.000118 0.000207 0.000082 0.000135 0.000167 0.000319 0.000070 0.000107 0.000205 0.000140 0.000182 0.048376 0.924876 0.000181 0.000040 0.000084
 0.000233 0.000070 0.024197 0.000213 0.000118 0.876812 0.000082 0.000135 0.000167 0.000319 0.000070 0.000107 0.000205 0.000140 0.000182 0.024321 0.000161 0.072345 0.000040 0.000084
 0.000233 0.000070 0.000142 0.684381 0.000118 0.024261 0.000082 0.000135 0.000167 0.000319 0.000070 0.000107 0.000205 0.072304 0.048292 0.000266 0.024215 0.144509 0.000040 0.000084
 0.000233 0.000070 0.000142 0.000213 0.000118 0.000207 0.000082 0.708357 0.000167 0.072483 0.000070 0.000107 0.000205 0.000140 0.000182 0.000266 0.000161 0.216673 0.000040 0.000084
 0.000233 0.000070 0.000142 0.000213 0.034807 0.000207 0.000082 0.000135 0.024222 0.072483 0.000070 0.000107 0.000205 0.000140 0.433168 0.433252 0.000161 0.000181 0.000040 0.000084
 0.000233 0.024125 0.000142 0.000213 0.024173 0.000207 0.000082 0.024190 0.000167 0.072483 0.000070 0.000107 0.000205 0.000140 0.000182 0.048376 0.804602 0.000181 0.000040 0.000084
 0.337000 0.024125 0.024197 0.000213 0.000118 0.072371 0.000082 0.000135 0.000167 0.024373 0.000070 0.000107 0.000205 0.000140 0.024237 0.000266 0.443781 0.048290 0.000040 0.000084

MOTIF 9-GQLHYSVPEEA STREME-9
letter-probability matrix: alength= 20 w= 11 nsites= 33 E= 3.7e-001
 0.038642 0.000111 0.000226 0.038609 0.000188 0.689199 0.000131 0.000215 0.038536 0.000507 0.000111 0.000170 0.000326 0.038493 0.000290 0.076965 0.076797 0.000287 0.000063 0.000133
 0.000371 0.000111 0.000226 0.000339 0.038458 0.000329 0.000131 0.000215 0.000265 0.000507 0.000111 0.076711 0.000326 0.765634 0.076831 0.000424 0.000255 0.038558 0.000063 0.000133
 0.000371 0.038382 0.000226 0.000339 0.000188 0.000329 0.000131 0.268109 0.000265 0.651107 0.000111 0.000170 0.038596 0.000222 0.000290 0.000424 0.000255 0.000287 0.000063 0.000133
 0.000371 0.000111 0.000226 0.038609 0.000188 0.000329 0.612461 0.000215 0.000265 0.038777 0.000111 0.038441 0.000326 0.000222 0.268184 0.000424 0.000255 0.000287 0.000063 0.000133
 0.000371 0.000111 0.000226 0.000339 0.000188 0.000329 0.000131 0.000215 0.000265 0.000507 0.000111 0.000170 0.038596 0.000222 0.000290 0.000424 0.000255 0.000287 0.000063 0.956898
 0.000371 0.000111 0.000226 0.038609 0.000188 0.000329 0.000131 0.000215 0.000265 0.000507 0.000111 0.000170 0.000326 0.000222 0.000290 0.804107 0.115067 0.000287 0.000063 0.038404
 0.000371 0.000111 0.000226 0.000339 0.000188 0.000329 0.000131 0.268109 0.000265 0.038777 0.038382 0.000170 0.000326 0.000222 0.000290 0.000424 0.000255 0.650888 0.000063 0.000133
 0.000371 0.000111 0.000226 0.038609 0.000188 0.000329 0.000131 0.000215 0.000265 0.000507 0.000111 0.000170 0.612655 0.038493 0.000290 0.191777 0.000255 0.038558 0.000063 0.076674
 0.000371 0.000111 0.000226 0.995374 0.000188 0.000329 0.000131 0.000215 0.000265 0.000507 0.000111 0.000170 0.000326 0.000222 0.000290 0.000424 0.000255 0.000287 0.000063 0.000133
 0.000371 0.000111 0.000226 0.995374 0.000188 0.000329 0.000131 0.000215 0.000265 0.000507 0.000111 0.000170 0.000326 0.000222 0.000290 0.000424 0.000255 0.000287 0.000063 0.000133
 0.459618 0.000111 0.000226 0.038609 0.000188 0.000329 0.000131 0.000215 0.000265 0.153589 0.000111 0.000170 0.000326 0.153305 0.038561 0.038695 0.076797 0.038558 0.000063 0.000133

MOTIF 10-IDREED STREME-10
letter-probability matrix: alength= 20 w= 6 nsites= 64 E= 4.7e-001
 0.000175 0.000053 0.000107 0.000160 0.000089 0.000155 0.000062 0.997757 0.000125 0.000239 0.000052 0.000080 0.000154 0.000105 0.000137 0.000200 0.000121 0.000136 0.000030 0.000063
 0.018250 0.000053 0.871240 0.000160 0.000089 0.000155 0.018137 0.018176 0.018200 0.000239 0.000052 0.000080 0.000154 0.000105 0.054361 0.000200 0.000121 0.000136 0.000030 0.000063
 0.000175 0.000053 0.036256 0.036309 0.000089 0.000155 0.018137 0.000101 0.000125 0.036389 0.000052 0.018155 0.018228 0.036254 0.726673 0.018275 0.000121 0.036285 0.018105 0.000063
 0.000175 0.018127 0.036256 0.718706 0.000089 0.018230 0.018137 0.018176 0.018200 0.000239 0.000052 0.000080 0.000154 0.000105 0.008128 0.072499 0.018195 0.036285 0.000030 0.018138
 0.036324 0.000053 0.036256 0.307428 0.018163 0.018230 0.036211 0.036251 0.049911 0.054463 0.036202 0.000080 0.018228 0.036254 0.008128 0.271319 0.018195 0.000136 0.000030 0.018138
 0.000175 0.000053 0.550335 0.000160 0.000089 0.000155 0.000062 0.054325 0.000125 0.375368 0.000052 0.000080 0.000154 0.000105 0.000137 0.000200 0.018195 0.000136 0.000030 0.000063

MOTIF 11-NALVSYSLVE STREME-11
letter-probability matrix: alength= 20 w= 10 nsites= 37 E= 4.7e-001
 0.000419 0.043360 0.000256 0.000383 0.000212 0.000371 0.000148 0.000242 0.000300 0.000573 0.000126 0.951350 0.000368 0.000251 0.000328 0.000479 0.000289 0.000325 0.000072 0.000150
 0.778639 0.000126 0.043490 0.000383 0.000212 0.086840 0.000148 0.000242 0.000300 0.000573 0.000126 0.043427 0.000368 0.000251 0.000328 0.000479 0.000289 0.000325 0.043306 0.000150
 0.000419 0.000126 0.000256 0.043617 0.000212 0.000371 0.000148 0.000242 0.000300 0.562620 0.000126 0.000192 0.043602 0.259658 0.086797 0.000479 0.000289 0.000325 0.000072 0.000150
 0.000419 0.000126 0.000256 0.043617 0.000212 0.000371 0.000148 0.173180 0.000300 0.000573 0.000126 0.000192 0.000368 0.000251 0.000328 0.000479 0.000289 0.778544 0.000072 0.000150
 0.000419 0.000126 0.000256 0.000383 0.000212 0.000371 0.000148 0.000242 0.000300 0.000573 0.043360 0.000192 0.000368 0.000251 0.000328 0.648995 0.302929 0.000325 0.000072 0.000150
 0.000419 0.000126 0.000256 0.000383 0.000212 0.000371 0.000148 0.000242 0.000300 0.000573 0.000126 0.000192 0.000368 0.000251 0.000328 0.000479 0.000289 0.000325 0.000072 0.994542
 0.000419 0.000126 0.000256 0.000383 0.000212 0.000371 0.000148 0.000242 0.000300 0.000573 0.000126 0.000192 0.000368 0.043486 0.043562 0.908402 0.000289 0.000325 0.000072 0.000150
 0.000419 0.000126 0.000256 0.000383 0.000212 0.000371 0.000148 0.043477 0.000300 0.951730 0.000126 0.000192 0.000368 0.000251 0.000328 0.000479 0.000289 0.000325 0.000072 0.000150
 0.216591 0.000126 0.000256 0.000383 0.000212 0.000371 0.043382 0.000242 0.000300 0.130276 0.000126 0.000192 0.000368 0.000251 0.000328 0.043713 0.000289 0.562372 0.000072 0.000150
 0.000419 0.000126 0.000256 0.908305 0.000212 0.000371 0.000148 0.000242 0.000300 0.000573 0.000126 0.000192 0.000368 0.000251 0.000328 0.043713 0.000289 0.043559 0.000072 0.000150

MOTIF 12-DHGTPA STREME-12
letter-probability matrix: alength= 20 w= 6 nsites= 46 E= 7.2e-001
 0.000236 0.000071 0.996990 0.000215 0.000119 0.000209 0.000083 0.000136 0.000169 0.000322 0.000071 0.000108 0.000207 0.000141 0.000184 0.000269 0.000162 0.000183 0.000040 0.000085
 0.000236 0.024384 0.000144 0.000215 0.000119 0.073149 0.875363 0.000136 0.000169 0.000322 0.000071 0.000108 0.000207 0.024455 0.000184 0.000269 0.000162 0.000183 0.000040 0.000085
 0.024549 0.024384 0.000144 0.000215 0.024433 0.851175 0.024397 0.000136 0.024482 0.000322 0.000071 0.000108 0.000207 0.000141 0.000184 0.000269 0.000162 0.024496 0.000040 0.000085
 0.000236 0.000071 0.000144 0.291975 0.024433 0.000209 0.024397 0.000136 0.024482 0.000322 0.000071 0.000108 0.000207 0.097395 0.000184 0.024583 0.413489 0.073122 0.000040 0.024398
 0.024549 0.000071 0.000144 0.000215 0.000119 0.000209 0.000083 0.024450 0.000169 0.024635 0.000071 0.024421 0.851173 0.024455 0.000184 0.000269 0.000162 0.024496 0.000040 0.000085
 0.389249 0.024384 0.024457 0.048842 0.000119 0.024522 0.000083 0.000136 0.024482 0.073262 0.000071 0.000108 0.170400 0.000141 0.024498 0.073209 0.073102 0.000183 0.000040 0.048711

MOTIF 13-LGSNVTL STREME-13
letter-probability matrix: alength= 20 w= 7 nsites= 42 E= 7.2e-001
 0.000272 0.000082 0.028278 0.056473 0.000138 0.028354 0.000096 0.000158 0.000195 0.546931 0.028194 0.000125 0.225136 0.000163 0.000213 0.056536 0.028300 0.000211 0.000047 0.000098
 0.000272 0.000082 0.000166 0.000249 0.000138 0.759270 0.000096 0.084494 0.000195 0.056597 0.000082 0.000125 0.000239 0.000163 0.000213 0.028424 0.012616 0.028323 0.028159 0.000098
 0.000272 0.028194 0.028278 0.000249 0.000138 0.000241 0.000096 0.000158 0.028307 0.028484 0.000082 0.000125 0.028351 0.028276 0.028325 0.743655 0.028300 0.028323 0.000047 0.000098
 0.000272 0.000082 0.028278 0.000249 0.000138 0.000241 0.000096 0.000158 0.000195 0.000372 0.000082 0.968366 0.000239 0.000163 0.000213 0.000311 0.000188 0.000211 0.000047 0.000098
 0.225170 0.000082 0.000166 0.000249 0.000138 0.000241 0.000096 0.000158 0.000195 0.056597 0.000082 0.000125 0.000239 0.000163 0.000213 0.000311 0.000188 0.687331 0.000047 0.028210
 0.000272 0.000082 0.000166 0.000249 0.000138 0.000241 0.000096 0.000158 0.000195 0.000372 0.000082 0.000125 0.000239 0.000163 0.000213 0.000311 0.996541 0.000211 0.000047 0.000098
 0.000272 0.000082 0.028278 0.000249 0.000138 0.000241 0.000096 0.000158 0.000195 0.956185 0.000082 0.000125 0.000239 0.000163 0.000213 0.000311 0.000188 0.012639 0.000047 0.000098

MOTIF 14-GNKKKSG STREME-14
letter-probability matrix: alength= 20 w= 7 nsites= 35 E= 7.2e-001
 0.000333 0.000100 0.000203 0.000304 0.000168 0.961512 0.000118 0.034522 0.000238 0.000455 0.000100 0.000153 0.000292 0.000200 0.000260 0.000380 0.000229 0.000258 0.000057 0.000119
 0.000333 0.000100 0.000203 0.000304 0.000168 0.000295 0.000118 0.000192 0.000238 0.000455 0.000100 0.995700 0.000292 0.000200 0.000260 0.000380 0.000229 0.000258 0.000057 0.000119
 0.000333 0.000100 0.000203 0.000304 0.034498 0.000295 0.000118 0.000192 0.480847 0.000455 0.000100 0.000153 0.446572 0.034529 0.000260 0.000380 0.000229 0.000258 0.000057 0.000119
 0.000333 0.000100 0.000203 0.000304 0.000168 0.034624 0.000118 0.000192 0.961456 0.000455 0.000100 0.000153 0.000292 0.000200 0.000260 0.000380 0.000229 0.000258 0.000057 0.000119
 0.000333 0.000100 0.000203 0.000304 0.000168 0.000295 0.000118 0.000192 0.446518 0.000455 0.000100 0.000153 0.034621 0.446479 0.034590 0.034710 0.000229 0.000258 0.000057 0.000119
 0.000333 0.000100 0.034532 0.000304 0.000168 0.000295 0.000118 0.034522 0.034567 0.000455 0.000100 0.000153 0.034621 0.034529 0.000260 0.789952 0.000229 0.000258 0.034386 0.000119
 0.000333 0.000100 0.034532 0.000304 0.000168 0.892854 0.000118 0.000192 0.000238 0.034784 0.000100 0.000153 0.000292 0.000200 0.034590 0.000380 0.000229 0.000258 0.000057 0.000119

MOTIF 15-TATATVLV STREME-15
letter-probability matrix: alength= 20 w= 8 nsites= 41 E= 7.2e-001
 0.000276 0.000083 0.000168 0.000252 0.000140 0.000244 0.000097 0.028626 0.000197 0.000377 0.000083 0.000127 0.028708 0.000165 0.000216 0.000315 0.939566 0.000214 0.000047 0.000099
 0.427265 0.000083 0.028634 0.000252 0.028606 0.000244 0.028563 0.000160 0.000197 0.057309 0.000083 0.028593 0.028708 0.000165 0.000216 0.085713 0.170986 0.114077 0.000047 0.000099
 0.000276 0.000083 0.000168 0.000252 0.000140 0.000244 0.000097 0.000160 0.000197 0.000377 0.000083 0.000127 0.000242 0.000165 0.000216 0.000315 0.968031 0.028680 0.000047 0.000099
 0.512663 0.000083 0.000168 0.000252 0.000140 0.000244 0.000097 0.028626 0.000197 0.313502 0.000083 0.000127 0.028708 0.000165 0.000216 0.000315 0.000190 0.114077 0.000047 0.000099
 0.000276 0.000083 0.000168 0.000252 0.000140 0.000244 0.000097 0.000160 0.000197 0.000377 0.000083 0.000127 0.000242 0.000165 0.000216 0.000315 0.996497 0.000214 0.000047 0.000099
 0.000276 0.000083 0.000168 0.000252 0.000140 0.028710 0.000097 0.000160 0.000197 0.000377 0.000083 0.028593 0.000242 0.000165 0.000216 0.000315 0.057122 0.882657 0.000047 0.000099
 0.199537 0.000083 0.000168 0.000252 0.000140 0.028710 0.000097 0.028626 0.000197 0.427366 0.000083 0.028593 0.028708 0.028631 0.000216 0.085713 0.085588 0.057146 0.000047 0.000099
 0.000276 0.000083 0.000168 0.028718 0.028606 0.000244 0.000097 0.000160 0.000197 0.057309 0.000083 0.000127 0.000242 0.000165 0.000216 0.000315 0.000190 0.882657 0.000047 0.000099

MOTIF 16-FKNYYSLVLD STREME-16
letter-probability matrix: alength= 20 w= 10 nsites= 28 E= 7.2e-001
 0.000459 0.000138 0.000280 0.000419 0.520826 0.000406 0.000162 0.047592 0.000328 0.000627 0.000137 0.000210 0.000403 0.000275 0.000359 0.047851 0.000316 0.095009 0.000078 0.284125
 0.000459 0.000138 0.142260 0.000419 0.000232 0.095060 0.000162 0.000265 0.662902 0.000627 0.000137 0.000210 0.095056 0.000275 0.000359 0.000524 0.000316 0.000355 0.000078 0.000165
 0.000459 0.000138 0.000280 0.000419 0.000232 0.000406 0.000162 0.000265 0.000328 0.000627 0.000137 0.994071 0.000403 0.000275 0.000359 0.000524 0.000316 0.000355 0.000078 0.000165
 0.000459 0.000138 0.000280 0.000419 0.047559 0.000406 0.000162 0.000265 0.000328 0.047954 0.000137 0.000210 0.000403 0.000275 0.000359 0.000524 0.000316 0.000355 0.000078 0.899372
 0.000459 0.000138 0.000280 0.000419 0.000232 0.000406 0.000162 0.000265 0.000328 0.000627 0.000137 0.000210 0.000403 0.000275 0.000359 0.000524 0.000316 0.000355 0.000078 0.994026
 0.000459 0.000138 0.000280 0.000419 0.000232 0.000406 0.000162 0.000265 0.047655 0.000627 0.000137 0.000210 0.000403 0.000275 0.142339 0.615772 0.189623 0.000355 0.000078 0.000165
 0.000459 0.000138 0.000280 0.000419 0.000232 0.000406 0.000162 0.047592 0.000328 0.899834 0.000137 0.000210 0.000403 0.000275 0.000359 0.000524 0.000316 0.047682 0.000078 0.000165
 0.047785 0.000138 0.000280 0.000419 0.000232 0.000406 0.000162 0.000265 0.000328 0.000627 0.047464 0.000210 0.000403 0.000275 0.000359 0.000524 0.000316 0.899563 0.000078 0.000165
 0.000459 0.000138 0.000280 0.000419 0.000232 0.000406 0.000162 0.047592 0.000328 0.568547 0.000137 0.000210 0.000403 0.000275 0.000359 0.000524 0.378929 0.000355 0.000078 0.000165
 0.047785 0.000138 0.662854 0.095072 0.000232 0.095060 0.000162 0.000265 0.000328 0.000627 0.000137 0.047537 0.000403 0.000275 0.000359 0.000524 0.047643 0.000355 0.000078 0.000165

MOTIF 17-HGTFVGRIAQDLGLE STREME-17
letter-probability matrix: alength= 20 w= 15 nsites= 31 E= 7.3e-001
 0.038642 0.000111 0.000226 0.000339 0.000188 0.000329 0.535919 0.000215 0.268160 0.000507 0.000111 0.038441 0.076867 0.000222 0.038561 0.000424 0.000255 0.000287 0.000063 0.000133
 0.000371 0.000111 0.000226 0.000339 0.038458 0.880552 0.000131 0.000215 0.038536 0.000507 0.000111 0.000170 0.000326 0.000222 0.038561 0.000424 0.000255 0.000287 0.000063 0.000133
 0.076912 0.000111 0.000226 0.000339 0.038458 0.000329 0.000131 0.000215 0.000265 0.000507 0.000111 0.038441 0.000326 0.000222 0.000290 0.230048 0.574314 0.038558 0.000063 0.000133
 0.038642 0.000111 0.000226 0.000339 0.727329 0.000329 0.000131 0.000215 0.000265 0.115319 0.000111 0.000170 0.000326 0.000222 0.076831 0.000424 0.000255 0.038558 0.000063 0.000133
 0.000371 0.000111 0.000226 0.000339 0.000188 0.000329 0.000131 0.038485 0.000265 0.000507 0.000111 0.000170 0.000326 0.000222 0.000290 0.000424 0.000255 0.957052 0.000063 0.000133
 0.000371 0.000111 0.000226 0.000339 0.000188 0.918823 0.000131 0.038485 0.000265 0.000507 0.000111 0.000170 0.000326 0.000222 0.000290 0.000424 0.000255 0.038558 0.000063 0.000133
 0.000371 0.000111 0.076768 0.000339 0.000188 0.000329 0.000131 0.000215 0.038536 0.000507 0.000111 0.382876 0.038596 0.000222 0.459537 0.000424 0.000255 0.000287 0.000063 0.000133
 0.000371 0.000111 0.000226 0.000339 0.000188 0.000329 0.000131 0.727356 0.000265 0.038777 0.000111 0.000170 0.038596 0.000222 0.000290 0.038695 0.000255 0.153370 0.000063 0.000133
 0.727512 0.000111 0.000226 0.000339 0.000188 0.038599 0.000131 0.000215 0.038536 0.000507 0.000111 0.000170 0.000326 0.000222 0.000290 0.076965 0.038526 0.076829 0.000063 0.000133
 0.038642 0.000111 0.000226 0.115150 0.000188 0.000329 0.000131 0.000215 0.191618 0.000507 0.000111 0.000170 0.000326 0.497740 0.153373 0.000424 0.000255 0.000287 0.000063 0.000133
 0.076912 0.000111 0.842180 0.000339 0.000188 0.000329 0.000131 0.000215 0.000265 0.000507 0.038382 0.038441 0.000326 0.000222 0.000290 0.000424 0.000255 0.000287 0.000063 0.000133
 0.038642 0.038382 0.000226 0.000339 0.000188 0.000329 0.000131 0.038485 0.000265 0.842460 0.000111 0.000170 0.000326 0.000222 0.038561 0.000424 0.000255 0.000287 0.000063 0.000133
 0.000371 0.000111 0.000226 0.000339 0.000188 0.918823 0.000131 0.000215 0.000265 0.000507 0.000111 0.000170 0.000326 0.000222 0.038561 0.038695 0.000255 0.000287 0.000063 0.000133
 0.000371 0.000111 0.000226 0.000339 0.000188 0.000329 0.000131 0.000215 0.000265 0.995542 0.000111 0.000170 0.000326 0.000222 0.000290 0.000424 0.000255 0.000287 0.000063 0.000133
 0.000371 0.000111 0.153309 0.650939 0.000188 0.000329 0.000131 0.000215 0.038536 0.000507 0.000111 0.000170 0.038596 0.076764 0.000290 0.038695 0.000255 0.000287 0.000063 0.000133

MOTIF 18-NYTCVAEN STREME-18
letter-probability matrix: alength= 20 w= 8 nsites= 82 E= 8.3e-001
 0.000134 0.000040 0.013861 0.013901 0.041406 0.000118 0.000047 0.110313 0.068993 0.041521 0.041378 0.303209 0.013897 0.033731 0.013884 0.000153 0.193004 0.069001 0.000023 0.041386
 0.000134 0.013819 0.000081 0.000122 0.000068 0.000118 0.000047 0.000077 0.000096 0.000183 0.000040 0.013841 0.000117 0.000080 0.000105 0.000153 0.068989 0.027662 0.000023 0.874245
 0.000134 0.000040 0.000081 0.055240 0.000068 0.013898 0.027606 0.000077 0.000096 0.013962 0.000040 0.027620 0.000117 0.068977 0.096561 0.041491 0.612480 0.013883 0.013802 0.013827
 0.000134 0.901796 0.000081 0.000122 0.000068 0.000118 0.000047 0.013857 0.000096 0.055300 0.000040 0.000061 0.013897 0.000080 0.000105 0.000153 0.000092 0.000103 0.000023 0.013827
 0.000134 0.000040 0.000081 0.055240 0.082744 0.027677 0.055165 0.124092 0.000096 0.020054 0.068937 0.000061 0.000117 0.000080 0.055222 0.013932 0.110328 0.317031 0.013802 0.055166
 0.689106 0.000040 0.000081 0.000122 0.000068 0.000118 0.006139 0.055195 0.000096 0.000183 0.000040 0.027620 0.041456 0.000080 0.000105 0.000153 0.000092 0.179236 0.000023 0.000048
 0.110369 0.000040 0.041420 0.212905 0.000068 0.000118 0.013827 0.000077 0.068993 0.000183 0.027599 0.000061 0.000117 0.013860 0.069002 0.206844 0.193004 0.000103 0.041361 0.000048
 0.000134 0.000040 0.013861 0.013901 0.000068 0.124133 0.013827 0.000077 0.000096 0.041521 0.000040 0.750244 0.000117 0.000080 0.000105 0.041491 0.000092 0.000103 0.000023 0.000048

MOTIF 19-CDPGYY STREME-19
letter-probability matrix: alength= 20 w= 6 nsites= 59 E= 4.2e+000
 0.015157 0.742256 0.000089 0.015145 0.000074 0.021777 0.015063 0.000084 0.000104 0.030222 0.039083 0.015079 0.015139 0.000087 0.030137 0.015178 0.045135 0.000113 0.000025 0.000052
 0.036806 0.000044 0.556164 0.045168 0.030097 0.000129 0.000051 0.000084 0.045139 0.030222 0.015055 0.045102 0.075187 0.015099 0.060161 0.000166 0.030124 0.015124 0.000025 0.000052
 0.030169 0.000044 0.000089 0.000133 0.015085 0.000129 0.000051 0.030108 0.000104 0.045234 0.000044 0.000067 0.757992 0.030111 0.000114 0.030190 0.030124 0.015124 0.000025 0.015064
 0.000146 0.000044 0.000089 0.000133 0.015085 0.869072 0.000051 0.000084 0.030128 0.030222 0.000044 0.000067 0.015139 0.000087 0.000114 0.015178 0.000100 0.015124 0.000025 0.009068
 0.000146 0.000044 0.030112 0.006769 0.075132 0.000129 0.000051 0.000084 0.000104 0.015211 0.030067 0.015079 0.000128 0.015099 0.015126 0.030190 0.030124 0.000113 0.015037 0.721257
 0.015157 0.000044 0.030112 0.030156 0.000074 0.045164 0.030075 0.015096 0.015116 0.015211 0.015055 0.000067 0.051800 0.045123 0.000114 0.030190 0.075159 0.060160 0.000025 0.526104

MOTIF 20-EKKEKGNSTTDN STREME-20
letter-probability matrix: alength= 20 w= 12 nsites= 36 E= 1.1e+001
 0.028742 0.028549 0.000168 0.683434 0.057072 0.000244 0.000097 0.000160 0.085595 0.000377 0.000083 0.000127 0.028708 0.000165 0.057148 0.000315 0.000190 0.028680 0.000047 0.000099
 0.000276 0.000083 0.028634 0.028718 0.000140 0.057176 0.000097 0.028626 0.711846 0.000377 0.000083 0.028593 0.000242 0.000165 0.000216 0.085713 0.000190 0.028680 0.000047 0.000099
 0.000276 0.000083 0.028634 0.028718 0.000140 0.000244 0.000097 0.085557 0.768777 0.028843 0.000083 0.000127 0.000242 0.000165 0.000216 0.000315 0.057122 0.000214 0.000047 0.000099
 0.000276 0.000083 0.000168 0.854230 0.000140 0.000244 0.028563 0.000160 0.000197 0.028843 0.000083 0.000127 0.000242 0.000165 0.000216 0.028781 0.028656 0.000214 0.000047 0.028565
 0.028742 0.000083 0.000168 0.000252 0.000140 0.028710 0.000097 0.028626 0.768777 0.028843 0.000083 0.028593 0.028708 0.028631 0.000216 0.028781 0.000190 0.000214 0.000047 0.000099
 0.000276 0.000083 0.000168 0.028718 0.028606 0.598029 0.000097 0.057091 0.057129 0.057309 0.000083 0.000127 0.114106 0.028631 0.028682 0.000315 0.000190 0.000214 0.000047 0.000099
 0.028742 0.000083 0.028634 0.000252 0.028606 0.000244 0.000097 0.028626 0.000197 0.085775 0.000083 0.654843 0.000242 0.057097 0.028682 0.000315 0.028656 0.028680 0.000047 0.000099
 0.085674 0.057015 0.000168 0.028718 0.000140 0.028710 0.000097 0.000160 0.057129 0.000377 0.000083 0.028593 0.000242 0.000165 0.000216 0.711964 0.000190 0.000214 0.000047 0.000099
 0.000276 0.000083 0.000168 0.028718 0.000140 0.057176 0.000097 0.028626 0.028663 0.000377 0.000083 0.000127 0.028708 0.000165 0.000216 0.057247 0.768770 0.000214 0.000047 0.000099
 0.057208 0.000083 0.028634 0.000252 0.000140 0.000244 0.000097 0.028626 0.057129 0.057309 0.000083 0.028593 0.000242 0.028631 0.028682 0.142645 0.512577 0.028680 0.000047 0.000099
 0.000276 0.028549 0.654885 0.028718 0.000140 0.028710 0.000097 0.000160 0.028663 0.000377 0.028549 0.000127 0.028708 0.028631 0.000216 0.085713 0.057122 0.000214 0.000047 0.000099
 0.000276 0.000083 0.028634 0.028718 0.000140 0.085642 0.028563 0.000160 0.028663 0.085775 0.000083 0.512513 0.085640 0.000165 0.000216 0.085713 0.028656 0.000214 0.000047 0.000099

MOTIF 21-SVHLE STREME-21
letter-probability matrix: alength= 20 w= 5 nsites= 56 E= 1.1e+001
 0.000188 0.000056 0.000115 0.019536 0.019459 0.000166 0.000066 0.000109 0.038863 0.000256 0.000056 0.000086 0.000165 0.000113 0.038875 0.881517 0.000129 0.000145 0.000032 0.000067
 0.000188 0.000056 0.000115 0.038900 0.000095 0.000166 0.019431 0.000109 0.000134 0.000256 0.019420 0.000086 0.000165 0.038841 0.000147 0.000215 0.019493 0.842719 0.000032 0.019432
 0.000188 0.000056 0.058207 0.000171 0.048734 0.000166 0.716545 0.000109 0.000134 0.000256 0.000056 0.058179 0.000165 0.038841 0.000147 0.000215 0.000129 0.058238 0.019396 0.000067
 0.000188 0.000056 0.019479 0.000171 0.000095 0.000166 0.000066 0.000109 0.000134 0.920287 0.000056 0.000086 0.000165 0.000113 0.000147 0.000215 0.000129 0.019510 0.019396 0.019432
 0.000188 0.000056 0.000115 0.881474 0.000095 0.000166 0.019431 0.000109 0.000134 0.058349 0.019420 0.000086 0.000165 0.019477 0.000147 0.000215 0.000129 0.000145 0.000032 0.000067

********************************************************************************
Stopped because 3 consecutive motifs exceeded the p-value threshold (0.05).
********************************************************************************
COMMAND:	streme --verbosity 1 --oc . --protein --totallength 4000000 --time 14400 --minw 4 --maxw 15 --thresh 0.05 --align center --dfile description --p Brain_CSF_positive_FASTA.fasta --n Brain_CSF_negative_FASTA.fasta
********************************************************************************
CPU:		noble-meme.grid.gs.washington.edu
********************************************************************************
FINALTIME:	3518.42 seconds
********************************************************************************
