100129128
100129480
100131244
100131390
100131897
100132916
100170841
1002
10021
100271715
100287226
100287284
100287718
100288332
1005
100505385
100507003
100507027
100507050
100507341
100507421
100526694
100528062
100529261
1006
1007
10079
1008
10085
10098
1010
101059938
101059953
10110
10125
1013
1016
10178
1020
10215
10251
102723655
102723713
102724101
102724127
10297
10307
10313
10314
10317
10333
10361
10368
10369
1038
10381
10382
10391
10409
10439
10446
10472
10479
10485
104909134
105
10501
10507
10522
10570
10586
10590
10612
10622
10633
10636
10645
10656
10660
10669
10675
10683
10687
10690
107
10715
10716
10718
10732
10739
10752
10776
10777
108
10810
10814
10815
10826
10842
10846
10858
10867
10882
10888
10893
10900
10911
10936
10953
10962
10966
10982
10983
11023
1103
11033
11041
110599564
110599583
11061
11069
11075
11076
11113
111188157
11122
11123
11126
11127
11141
11166
11170
11178
11182
11189
11197
11227
1123
1124
11240
11245
11247
112476
11249
11250
11255
112609
11275
112755
1128
11281
112937
113091
11314
1132
11322
1133
11332
11341
113451
1135
1137
114
114088
1141
114134
1142
114659
114784
114786
114787
114788
114792
114793
114794
114795
114798
114800
114804
114805
114824
114825
114827
114900
114928
1152
115584
115827
1159
115948
116
116135
116154
116173
116337
116372
116442
116443
116448
116534
116931
116966
116983
116986
116988
117
117154
117166
117248
117283
1174
117532
117584
1183
118427
118442
118611
118738
119
120114
121256
121268
121278
121340
121504
121601
122042
122046
122060
123041
123591
123606
124056
124093
124222
124274
124359
124590
124602
124842
124857
124925
124930
125113
125704
126006
126129
126272
126520
126549
126567
1267
126731
1268
126820
126961
1270
127003
127074
1272
127254
127703
127731
127795
127833
128344
128408
128414
128434
128674
1287
129049
129521
129684
1298
129852
129868
1299
130132
1305
130540
130612
130733
130813
1310
131034
131096
131149
131408
132112
132204
132332
1325
132946
133121
133396
133690
133923
134
134111
134121
134391
134701
134829
135
135152
135398
135924
136227
136288
1363
136332
1371
137868
1379
137970
138046
1381
138255
138639
139065
139081
139189
139212
1393
139324
1394
139411
1395
139599
139728
140
1400
140597
140679
140689
140700
140710
140730
140733
140766
140767
140885
140902
1411
1418
1427
1428
143162
143282
143425
143458
144404
144535
144809
144811
145407
145447
145581
145773
146
146167
146177
146227
1463
146325
146330
146395
146664
146713
146760
146845
147
147381
147650
147658
147670
147945
148014
148252
148281
148641
148753
148808
148823
148930
149111
149175
149461
149499
149563
1496
1501
150209
150297
150356
150379
150681
150726
150946
151126
151242
151556
151647
151835
152206
1524
152404
152789
153090
153328
153572
154215
154288
154661
154790
155066
155185
157285
157753
157773
157807
157848
158056
158135
158219
158399
158511
158763
158787
158798
158800
159195
1600
160492
1607
160777
1608
1610
161003
161145
161253
161357
161436
161497
161502
161725
1620
1621
162282
162494
162655
1630
163175
163404
163479
163782
163933
164045
1641
164395
164633
164781
164832
165186
165215
165257
166614
166752
167359
167410
167826
168002
168090
1690
170261
170302
170690
170692
170825
170850
170961
1740
1742
1745
1746
1750
1759
1768
1770
1780
1795
1804
1808
181
1812
1813
1814
1816
1821
1826
1837
1850
187
1902
192683
1944
1949
1951
1952
1960
196051
1961
196385
196500
197021
197342
1993
1995
1996
199731
20
200132
200150
200162
200350
200407
200424
200726
201191
2016
201625
201780
2019
2020
202151
202374
202559
2026
203190
203259
203286
2035
2039
2043
2044
2046
2047
205147
206358
21
2104
2115
2123
2134
2153
2173
2176
2185
219287
219409
219527
219539
2196
219654
219670
219681
219736
219738
219770
220107
220108
220136
220164
220202
220296
220359
220382
221002
221044
221061
221074
221184
221336
221424
221458
221687
221692
221710
221938
222008
222166
222223
222537
222553
222662
222865
222894
222950
223075
2246
2248
2249
225
2250
2254
225689
2257
2258
2259
2262
2263
2281
22829
22843
22849
22854
22859
22865
22866
22871
22874
22876
22881
22883
22891
22895
2290
22902
22903
22905
22911
22924
22927
22933
22941
22979
2298
22983
22986
22987
22989
22997
22999
230
23005
23007
2301
23017
2302
23025
23026
23031
23037
23040
23043
23046
23057
23072
23086
23089
23096
23097
23101
23105
23108
23109
23114
23120
23122
23125
23127
23136
23148
23149
23154
23162
23176
23178
23187
23201
23205
23208
23209
23217
2322
23220
23228
23229
23232
23239
23241
23251
23255
23263
23270
23284
23302
23303
23305
23313
23314
23316
23321
2334
23349
23359
23362
23373
23400
23413
23414
23415
23416
23418
2342
23440
23446
2346
23462
23467
2348
23500
23504
23507
23510
23518
23531
23542
23544
23547
23551
23619
23620
23621
23630
23632
23657
23671
23732
23769
238
24141
24147
24150
246213
246721
246744
246778
253152
253314
253559
253650
253832
253982
254122
254263
254778
2549
2550
255022
255057
255101
255119
2554
255426
2555
2556
255631
2557
2558
2559
255928
2560
2561
256130
2562
256227
2563
256472
2565
256536
2566
2567
256714
256933
2571
257177
257194
2572
257313
25758
25769
25770
25780
25789
25791
258
25801
258010
25806
25817
2583
25830
25834
25837
2587
25876
25907
259217
259232
259236
25924
25925
25927
25928
259294
259296
2596
25977
25999
26012
26025
26033
26034
26035
26038
260434
26045
26047
26049
26050
26051
26052
26059
26119
26206
26230
26232
26246
26248
26249
26251
26257
26266
26280
26281
26289
26290
2636
2637
26468
26470
26507
2657
26575
2664
26659
26664
266722
266727
266743
2668
266812
2670
2675
2691
2696
26999
27012
27019
27023
2705
27065
27087
27091
27092
27122
27133
27146
27164
27175
27239
27242
27253
27255
27289
273
27319
27328
27344
27345
2741
2742
2743
27439
27443
27445
2764
2774
2775
2781
2785
2786
2788
2796
2812
2823
2824
282617
2827
282775
282973
2830
2831
28316
2832
283209
283212
283234
283248
2834
283420
283455
2835
283514
283554
283576
283870
283987
283999
2840
284069
284161
2842
284293
284312
284339
2844
284427
284434
284467
2845
284521
2846
284615
284656
2847
284716
2849
2850
285093
285175
285220
285368
285513
285533
285596
285601
285613
285676
285800
285888
286046
286097
2861
286187
286204
286207
286262
286380
2864
286464
286499
286827
287
288
2890
2891
2892
2893
2894
2895
2897
2898
2899
28996
29
2900
2901
2902
2903
2904
2905
2906
29106
2911
29114
29118
29119
2912
2913
2914
2915
2917
2918
29767
29799
29844
29887
29906
29923
29942
29944
29953
29970
29993
30010
30012
3046
3049
3060
3061
3062
3067
30812
30813
30818
30819
30820
30837
3084
30845
30850
3166
3167
3196
3199
320
3208
321
3215
3218
322
3221
3222
3231
3238
324
3241
326
326340
3266
326624
3306
333
333932
3350
3351
3352
3354
3356
3358
3360
3361
3362
3381
338328
338567
338645
338707
338761
338811
339145
339398
339416
339453
339479
339488
339768
339829
339983
340120
340146
340252
340260
340371
340390
340419
340527
340529
340533
340542
340543
340554
340562
340596
340784
341019
341359
341676
341880
342035
3423
342865
342977
343472
343637
343702
3439
343930
343990
3440
3443
3445
344561
3447
344758
344838
344901
344905
345062
3452
345222
345557
345895
345930
346171
347051
347252
347517
347730
347731
347733
348487
348807
348938
348980
349334
349667
350383
352954
353116
353345
3578
3589
361
3642
3645
3706
3707
3730
3736
3737
373863
3739
3742
374383
3745
3746
3747
3748
374875
374887
374946
3750
375057
3751
3752
375298
375323
3754
375567
3756
375607
375611
375612
375704
3759
3760
3761
376267
3763
3765
3766
3768
3769
377
3775
3780
3781
3782
3785
3786
3787
3788
3797
3798
3800
3822
3823
3831
3834
386617
386618
387104
387129
387264
387597
387712
387804
387856
387885
387923
388015
388021
3881
388135
388228
388336
388394
388419
388585
388662
388730
388931
389073
389075
389084
389158
389549
3897
389812
389813
389827
389840
389941
390010
390061
390205
390259
390616
390664
390748
390928
391104
392309
3925
392862
3931
3973
3975
398
3984
399473
3996
399668
399694
399697
399947
399949
40
400073
400120
400224
400745
400757
400891
4009
400954
400961
401
401097
401124
401145
401190
401447
401562
401647
401994
402117
402381
402665
4038
404037
404203
404217
4045
4062
407738
4081
408263
4099
41
4111
4124
4130
4131
4133
4134
4135
4137
414062
414149
414152
4142
4145
4155
4159
416
4160
4166
4168
4185
419
421
4248
4267
429
4293
4294
43
431707
4325
4326
4336
4340
4355
4356
4359
438
440021
440073
440097
440145
440279
440585
440695
440730
440829
441054
441151
441381
441581
441869
442117
442213
442425
443
444882
445577
445815
4482
448831
4499
4504
4543
4544
460
4644
4661
4674
4675
4684
4685
4741
4744
4745
4747
4753
4760
4761
4762
477
478
4807
4808
4815
482
4821
4826
4828
4829
4838
4842
4852
4857
4858
4861
4864
4882
4884
4885
4887
4889
4897
490
4900
4905
4908
491
4914
4915
4916
4917
492
4923
494470
4973
4974
4978
4985
4986
4987
4988
4992
4995
5010
5015
5020
5027
5028
503542
5046
50512
5058
50614
5063
50632
5064
50649
50651
5067
50674
5077
5080
50801
50832
50836
50855
50859
50861
50863
50944
5098
5100
5101
51046
51052
51059
51062
51090
51114
51127
51148
5121
5122
51284
51286
51289
5129
51299
51305
51308
51310
51332
5136
5137
5138
5141
51412
51440
51517
51523
5153
51555
51560
5158
51617
5168
51704
5173
51760
51761
51764
5178
5179
5217
5274
5297
5305
5310
5332
5334
53342
53353
53358
534
535
5354
53616
53637
5364
5365
5367
5368
5375
53822
53826
53919
53942
54033
54039
54102
54112
5413
5414
54207
54209
54212
5423
54328
54329
54331
54332
54413
54437
54443
5451
54511
5452
5453
5454
5455
54550
54551
54557
5456
5457
5458
5459
54674
547
54704
54715
54734
54738
54749
5475
54768
54769
548596
548644
54886
54893
54898
54899
54914
54972
54976
55016
55026
55061
55079
55086
551
55117
55138
55144
55176
55182
55190
55208
5521
5522
55228
55248
5526
55294
5530
55314
55321
55329
5534
55344
55356
554235
554313
55450
55502
55515
55530
55531
55565
55584
55605
55619
55636
55652
5567
55698
5570
5575
55779
5579
55799
55800
5581
5582
55859
55861
55879
55885
55891
5590
55915
55922
5594
5596
55964
55966
55997
5601
5602
56062
56097
56098
56100
56104
56105
56106
56108
56109
56110
56114
56127
56134
56136
56137
56138
56139
56140
56141
56142
56143
56144
56145
56146
56147
56171
5618
56245
56253
5630
56301
56341
5638
56475
56479
5649
56521
5653
56603
5662
56650
56659
56660
56666
56675
56751
56776
56832
56849
56853
56884
56895
56896
56899
56914
56917
56923
56934
56936
56952
56955
56961
56963
56967
56978
57026
57030
57084
57113
57121
57127
57144
57156
57165
57168
57172
57180
57181
57185
57191
57221
57282
57338
57348
57413
57446
57449
57451
57453
5746
57460
57463
57464
57467
57468
57469
57471
57475
57476
57477
57495
57497
575
57512
57524
57526
57528
57537
57540
57552
57555
57556
57571
57574
57575
57576
57578
57580
57582
57583
57584
57586
57595
57596
576
57604
57611
57613
57622
57624
57626
57628
57633
57636
57639
57642
57657
57679
57683
57687
57689
57692
57698
57699
577
57709
57710
57713
57716
57718
57719
57731
57732
57795
57863
5789
5798
5799
5800
5801
5803
58157
5816
58473
58476
58478
58480
58504
58512
58526
5860
5864
5865
5874
5881
5909
5911
5923
5924
59269
59283
59284
59335
59350
59351
59353
594855
594857
5954
5988
5991
5992
5996
5999
6000
6002
6014
6019
60482
60484
60494
60677
60680
6092
610
613212
6252
6258
627
6272
6285
6297
6299
6319
632
6323
6324
6326
6327
6328
6330
6334
6349
636
63827
63895
63908
63947
63950
63973
63974
63982
64061
64067
64077
64084
64093
64096
64101
64106
64111
64112
64137
641654
64168
64211
642597
642778
642799
642938
642968
643037
643669
64377
643866
643965
643988
64399
64405
644070
64409
644139
644150
644168
644353
644524
644591
644596
6447
645142
645191
6456
6457
64579
64581
645974
646658
646799
646960
6473
64753
64788
64805
64834
64837
64850
64864
64881
6489
64919
6496
6497
65009
6506
6507
65078
65108
6511
651746
65243
6528
6529
652991
6531
653275
6534
653404
653427
653550
6536
653604
6538
654231
6543
654429
654502
6547
654790
6553
6563
6571
6572
6579
6585
66004
66008
6616
6620
6622
6623
6624
6656
6657
666
6663
6664
6695
6710
6712
6750
6751
6752
6753
6754
6792
6804
6812
6833
6843
6844
6853
6855
6857
6860
6861
6863
6870
6900
692094
7007
7054
7067
7070
7074
7087
7089
7092
7101
7102
7143
7161
7166
7200
7201
7222
7224
7275
7276
727800
727857
7280
728215
728239
728656
729020
729025
729264
729330
729355
729438
729665
729956
729993
7301
730130
7345
7368
7425
7447
745
7461
747
7471
7475
7476
7478
7480
753
7532
7533
7545
7546
7547
7562
758
767
7681
7697
770
7712
773
7732
774
777
7781
7783
7786
780776
7813
784
7846
785
7857
7881
78997
79006
79007
79012
79057
79085
79095
79152
79187
79192
793
7932
79369
794
79570
79575
79605
79616
79627
79628
79641
79698
797
79722
79734
79739
79740
79747
79748
79750
79751
79762
79772
79789
79817
79844
79856
79870
79884
79899
79905
79929
79935
79948
79953
79955
79957
79966
80003
80008
8001
80023
80032
80034
80036
80059
80070
801
80122
80128
80164
80217
80258
80303
80309
80329
80333
805
80725
80731
80741
80757
80758
80763
808
80816
80823
80863
80864
80975
8110
8120
8128
814
815
8153
81551
81553
81557
816
81615
81618
81628
81793
81831
81832
81849
8190
8193
8224
8237
825
8294
8303
8320
83259
83394
83482
83538
83546
83550
83552
8359
8360
8361
8362
8363
8364
83648
8365
8366
8367
8368
83690
83694
83698
8370
83700
83714
8372
83723
83733
83741
83744
83850
83851
83873
83876
83988
8403
84062
84106
84107
84109
84125
84152
84249
84251
84253
84254
84258
84264
84332
84435
84439
84440
84443
84446
84448
84457
84464
84465
84466
8448
84502
84504
84530
84539
84561
84620
84623
84628
84630
84631
84634
84667
84679
84684
84688
84707
84722
84735
8482
8484
84867
84871
84894
84899
84900
84911
84915
84929
84959
84966
84968
8497
84978
8499
85002
8502
8506
8507
8514
8522
8525
85300
85301
85315
8534
8537
85397
8541
85416
85417
8543
85442
85443
85445
85446
85449
85452
85455
85458
85477
8549
85508
85569
8567
8577
8601
8605
8618
862
8633
8646
8682
869
8707
8708
8715
8718
8739
8745
8774
8786
8787
8789
8822
8825
8831
885
8851
8862
8867
887
8871
8908
8911
8913
8926
8927
8929
8936
8938
8941
8973
89765
89792
89795
89853
89927
8995
89958
8997
9001
90050
90075
90113
90134
90161
9023
9024
90249
9028
90288
9033
9053
9066
90668
9075
9077
9080
9087
90933
90990
9108
9118
9134
91369
9143
9145
9152
9162
91683
91752
9177
91947
9196
9201
9211
92154
9220
92211
9229
92521
9256
92691
92737
92749
92815
9283
9284
9290
9293
9311
9312
93145
9315
93185
9331
93377
9348
9350
9355
93611
9362
9363
93664
9369
9376
9378
9379
9381
9399
94015
94030
94032
94097
94160
942
94233
94235
9427
9435
9444
9448
9456
9468
9472
9478
9479
9480
9486
9495
9498
9514
9515
954
9542
9543
9568
9576
9581
9586
9607
9615
9625
9628
9638
9645
9651
9671
9677
9699
9705
9715
9717
9718
9722
9725
9728
9737
9738
9743
9745
9746
9751
9752
9758
9762
9764
9770
9771
9781
9783
9796
9805
9806
9814
9829
9832
9839
9840
9844
9846
9854
9856
9863
9865
9890
9891
9892
9899
9900
9901
9911
9912
9915
9920
9951
9956
9957
